Volume,Part,type,description,bibliographicCitation,WFOID,language,contributor,audience,rightsHolder,created,creator,source,rights,license,URI
9,3,ecology,"Tropical evergreen rain forest, lower montane rain forest, mixed deciduous forest, on granite to limestone bedrock.","Castanopsis acuminatissima. Flora of Thailand. Vol. 9. Part 3, 2008. Pg. 185. Accessed 2021-07-31",wfo-0000812678,EN,C. Phengklai,,Forest Herbarium,2021-07-31,Rachun Pooma,ref-THA-0000812678,Forest Herbarium,All rights reserved,https://botany.dnp.go.th/eflora/floraspecies.html?tdcode=03853
9,3,ecology,"Hill evergreen forest, pine deciduous dipterocarp forest, mixed deciduous forest, savannah; altitude 50–1,680 m (most commonly 900–1,100 m). Flowering January–December (most commonly March–April); fruiting February–November (most commonly May–July).","Castanopsis argentea. Flora of Thailand. Vol. 9. Part 3, 2008. Pg. 187. Accessed 2021-07-31",wfo-0000812715,EN,C. Phengklai,,Forest Herbarium,2021-07-31,Rachun Pooma,ref-THA-0000812715,Forest Herbarium,All rights reserved,https://botany.dnp.go.th/eflora/floraspecies.html?tdcode=03854
9,3,ecology,"Lower montane rain forest, dry evergreen forest, lower montane, pine-oak forest; altitude 350–1,300 m (most commonly 500–900 m). Flowering February, November (most commonly June–July); fruiting March–December (most commonly August November).","Castanopsis argyrophylla. Flora of Thailand. Vol. 9. Part 3, 2008. Pg. 189. Accessed 2021-07-31",wfo-0000812734,EN,C. Phengklai,,Forest Herbarium,2021-07-31,Rachun Pooma,ref-THA-0000812734,Forest Herbarium,All rights reserved,https://botany.dnp.go.th/eflora/floraspecies.html?tdcode=03855
9,3,ecology,"Lower montane rain forest, evergreen rain forest, pine-deciduous dipterocarp forest, lower montane pine-oak forest; altitude 100–1,850 m (most commonly 800–1,100 m). Flowering January–September (most commonly February–April); fruiting January, December (most commonly March–July).","Castanopsis armata. Flora of Thailand. Vol. 9. Part 3, 2008. Pg. 191. Accessed 2021-07-31",wfo-0000812757,EN,C. Phengklai,,Forest Herbarium,2021-07-31,Rachun Pooma,ref-THA-0000812757,Forest Herbarium,All rights reserved,https://botany.dnp.go.th/eflora/floraspecies.html?tdcode=03856
9,3,ecology,"Lower montane rain forest, lower montane pine-oak forest; altitude 650–1,600 m (most commonly 1,000–1,400 m). Flowering March–June; fruiting March–November (most commonly March).","Castanopsis brevispinula. Flora of Thailand. Vol. 9. Part 3, 2008. Pg. 191. Accessed 2021-07-31",wfo-0000812906,EN,C. Phengklai,,Forest Herbarium,2021-07-31,Rachun Pooma,ref-THA-0000812906,Forest Herbarium,All rights reserved,https://botany.dnp.go.th/eflora/floraspecies.html?tdcode=03857
9,3,ecology,"In moist upper mixed deciduous forest, hill evergreen forest, lower montane rain forest, on granite bedrock; altitude 700–2,000 m (most commonly 1,800–2,000 m). Flowering January–May (most commonly April–May); fruiting April–December (most commonly July–October).","Castanopsis calathiformis. Flora of Thailand. Vol. 9. Part 3, 2008. Pg. 193. Accessed 2021-07-31",wfo-0000812946,EN,C. Phengklai,,Forest Herbarium,2021-07-31,Rachun Pooma,ref-THA-0000812946,Forest Herbarium,All rights reserved,https://botany.dnp.go.th/eflora/floraspecies.html?tdcode=03858
9,3,ecology,"On ridges in evergreen rain forest, lower montane rain forest, mixed deciduous forest; altitude 900–1,800 m (most commonly 900–1,500 m). Flowering March–June (most commonly March–April); fruiting March–December (most commonly March–April).","Castanopsis cerebrina. Flora of Thailand. Vol. 9. Part 3, 2008. Pg. 197. Accessed 2021-07-31",wfo-0000813079,EN,C. Phengklai,,Forest Herbarium,2021-07-31,Rachun Pooma,ref-THA-0000813079,Forest Herbarium,All rights reserved,https://botany.dnp.go.th/eflora/floraspecies.html?tdcode=03859
9,3,ecology,"Tropical evergreen rain forest, near streams, on granite and limestone bedrock; altitude 75–1,700 m (most commonly 200–300 m). Flowering February–June; fruiting April–October (most commonly April–August).","Castanopsis costata. Flora of Thailand. Vol. 9. Part 3, 2008. Pg. 199. Accessed 2021-07-31",wfo-0000813291,EN,C. Phengklai,,Forest Herbarium,2021-07-31,Rachun Pooma,ref-THA-0000813291,Forest Herbarium,All rights reserved,https://botany.dnp.go.th/eflora/floraspecies.html?tdcode=03860
9,3,ecology,"Tropical evergreen rain forest, lower rain montane pine-oak forest, lower montane rain forest, near streams; altitude 200–1,600 m (most commonly 1,050–1,300 m). Flowering January–November (most commonly July–December); fruiting January–December (most commonly March–August).","Castanopsis crassifolia. Flora of Thailand. Vol. 9. Part 3, 2008. Pg. 199. Accessed 2021-07-31",wfo-0000813310,EN,C. Phengklai,,Forest Herbarium,2021-07-31,Rachun Pooma,ref-THA-0000813310,Forest Herbarium,All rights reserved,https://botany.dnp.go.th/eflora/floraspecies.html?tdcode=03861
9,3,ecology,"Lower montane rain forest, scrub forest, mixed deciduous forest, on granite bedrock; altitude 700–2,200 m (most commonly 1,000–1,500 m). Flowering February, November (most commonly February–August).","Castanopsis diversifolia. Flora of Thailand. Vol. 9. Part 3, 2008. Pg. 201. Accessed 2021-07-31",wfo-0000813584,EN,C. Phengklai,,Forest Herbarium,2021-07-31,Rachun Pooma,ref-THA-0000813584,Forest Herbarium,All rights reserved,https://botany.dnp.go.th/eflora/floraspecies.html?tdcode=03862
9,3,ecology,"Lower montane rain forest; altitude 820–1,650 m (most commonly 1,200–1,400 m). Flowering March–December (frequently December); fruiting February–December (most commonly December).","Castanopsis ferox. Flora of Thailand. Vol. 9. Part 3, 2008. Pg. 205. Accessed 2021-07-31",wfo-0000813747,EN,C. Phengklai,,Forest Herbarium,2021-07-31,Rachun Pooma,ref-THA-0000813747,Forest Herbarium,All rights reserved,https://botany.dnp.go.th/eflora/floraspecies.html?tdcode=03864
9,3,ecology,"Lower montane rain forest; altitude 1,200–1,300 m. Flowering February, April; fruiting November–January.","Castanopsis fissa. Flora of Thailand. Vol. 9. Part 3, 2008. Pg. 207. Accessed 2021-07-31",wfo-0000813768,EN,C. Phengklai,,Forest Herbarium,2021-07-31,Rachun Pooma,ref-THA-0000813768,Forest Herbarium,All rights reserved,https://botany.dnp.go.th/eflora/floraspecies.html?tdcode=03865
9,3,ecology,Tropical evergreen rain forest; altitude 900 m. Flowering July.,"Castanopsis fordii. Flora of Thailand. Vol. 9. Part 3, 2008. Pg. 207. Accessed 2021-07-31",wfo-0000813808,EN,C. Phengklai,,Forest Herbarium,2021-07-31,Rachun Pooma,ref-THA-0000813808,Forest Herbarium,All rights reserved,https://botany.dnp.go.th/eflora/floraspecies.html?tdcode=03866
9,3,ecology,"Tropical evergreen rain forest, dry dipterocarp forest, moist upper mixed deciduous forest, open grassland; altitude 500–2,000 m (most commonly 500–900 m). Flowering February–December (most commonly February–May); fruiting February–December (most commonly May–July), usually flowering and fruiting at the same time.","Castanopsis indica. Flora of Thailand. Vol. 9. Part 3, 2008. Pg. 211. Accessed 2021-07-31",wfo-0000814085,EN,C. Phengklai,,Forest Herbarium,2021-07-31,Rachun Pooma,ref-THA-0000814085,Forest Herbarium,All rights reserved,https://botany.dnp.go.th/eflora/floraspecies.html?tdcode=03868
9,3,ecology,"Tropical evergreen rain forest, often near streams, on limestone and granite bedrock; altitude 80–200 m (most commonly 80–100 m). Flowering January–November (most commonly January–March); fruiting June–December (most commonly June August).","Castanopsis inermis. Flora of Thailand. Vol. 9. Part 3, 2008. Pg. 213. Accessed 2021-07-31",wfo-0000814096,EN,C. Phengklai,,Forest Herbarium,2021-07-31,Rachun Pooma,ref-THA-0000814096,Forest Herbarium,All rights reserved,https://botany.dnp.go.th/eflora/floraspecies.html?tdcode=03869
9,3,ecology,Tropical evergreen rain forest; altitude ca 100 m. Flowering January; fruiting November–January.,"Castanopsis javanica. Flora of Thailand. Vol. 9. Part 3, 2008. Pg. 215. Accessed 2021-07-31",wfo-0000814107,EN,C. Phengklai,,Forest Herbarium,2021-07-31,Rachun Pooma,ref-THA-0000814107,Forest Herbarium,All rights reserved,https://botany.dnp.go.th/eflora/floraspecies.html?tdcode=03870
9,3,ecology,Evergreen and lower montane rain forest; altitude 10–800 m (most commonly 120–700 m). Flowering January–September (most commonly January–September); fruiting March–August (most commonly March).,"Castanopsis lanceifolia. Flora of Thailand. Vol. 9. Part 3, 2008. Pg. 217. Accessed 2021-07-31",wfo-0000814266,EN,C. Phengklai,,Forest Herbarium,2021-07-31,Rachun Pooma,ref-THA-0000814266,Forest Herbarium,All rights reserved,https://botany.dnp.go.th/eflora/floraspecies.html?tdcode=03871
9,3,ecology,Tropical evergreen rain forest.,"Castanopsis malaccensis. Flora of Thailand. Vol. 9. Part 3, 2008. Pg. 219. Accessed 2021-07-31",wfo-0000814427,EN,C. Phengklai,,Forest Herbarium,2021-07-31,Rachun Pooma,ref-THA-0000814427,Forest Herbarium,All rights reserved,https://botany.dnp.go.th/eflora/floraspecies.html?tdcode=03872
9,3,ecology,Tropical evergreen rain forest; altitude 300–400 m. Flowering April; fruiting September.,"Castanopsis megacarpa. Flora of Thailand. Vol. 9. Part 3, 2008. Pg. 221. Accessed 2021-07-31",wfo-0000814450,EN,C. Phengklai,,Forest Herbarium,2021-07-31,Rachun Pooma,ref-THA-0000814450,Forest Herbarium,All rights reserved,https://botany.dnp.go.th/eflora/floraspecies.html?tdcode=03873
9,3,ecology,"Tropical evergreen rain forest, lower montane pine-oak forest; altitude 50–1,600 m (most commonly 200–800 m). Flowering January–May (most commonly February, March); fruiting February–December (most commonly July–September).","Castanopsis nephelioides. Flora of Thailand. Vol. 9. Part 3, 2008. Pg. 221. Accessed 2021-07-31",wfo-0000814581,EN,C. Phengklai,,Forest Herbarium,2021-07-31,Rachun Pooma,ref-THA-0000814581,Forest Herbarium,All rights reserved,https://botany.dnp.go.th/eflora/floraspecies.html?tdcode=03874
9,3,ecology,"Tropical evergreen rain forest, pine-deciduous dipterocarp forest, moist upper mixed deciduous forest, along stream banks; altitude 10–350 m (most commonly 40–100 m). Flowering January–December (most commonly December–January); fruiting April December (most commonly April–June).","Castanopsis pierrei. Flora of Thailand. Vol. 9. Part 3, 2008. Pg. 225. Accessed 2021-07-31",wfo-0000814811,EN,C. Phengklai,,Forest Herbarium,2021-07-31,Rachun Pooma,ref-THA-0000814811,Forest Herbarium,All rights reserved,https://botany.dnp.go.th/eflora/floraspecies.html?tdcode=03875
9,3,ecology,"Pine deciduous dipterocarp forest, dry evergreen forest, on sandstone bedrock; altitude 250–950 m. Flowering September–December; fruiting May–December, much most commonly June–September.","Castanopsis piriformis. Flora of Thailand. Vol. 9. Part 3, 2008. Pg. 227. Accessed 2021-07-31",wfo-0000814822,EN,C. Phengklai,,Forest Herbarium,2021-07-31,Rachun Pooma,ref-THA-0000814822,Forest Herbarium,All rights reserved,https://botany.dnp.go.th/eflora/floraspecies.html?tdcode=03876
9,3,ecology,"Lower montane pine-oak forest and tropical evergreen rain forest; altitude 800–1,370 m (most commonly 1,000–1,200 m). Flowering March–December (most commonly March–April); fruiting December–January (most commonly December).","Castanopsis pseudohystrix. Flora of Thailand. Vol. 9. Part 3, 2008. Pg. 229. Accessed 2021-07-31",wfo-0000792524,EN,C. Phengklai,,Forest Herbarium,2021-07-31,Rachun Pooma,ref-THA-0000792524,Forest Herbarium,All rights reserved,https://botany.dnp.go.th/eflora/floraspecies.html?tdcode=03877
9,3,ecology,"Tropical evergreen rain forest, dry evergreen forest, mixed deciduous forest, often near streams; altitude 50–1,300 m (most commonly 100–800 m). Flowering February, November (most commonly March–August); fruiting August–October (most commonly July August).","Castanopsis purpurea. Flora of Thailand. Vol. 9. Part 3, 2008. Pg. 229. Accessed 2021-07-31",wfo-0000814876,EN,C. Phengklai,,Forest Herbarium,2021-07-31,Rachun Pooma,ref-THA-0000814876,Forest Herbarium,All rights reserved,https://botany.dnp.go.th/eflora/floraspecies.html?tdcode=03878
9,3,ecology,"Tropical evergreen rain forest, pine-oak dipterocarp forest; altitude 100–800 m. Flowering March–October; fruiting January–July.","Castanopsis rhamnifolia. Flora of Thailand. Vol. 9. Part 3, 2008. Pg. 231. Accessed 2021-07-31",wfo-0000814976,EN,C. Phengklai,,Forest Herbarium,2021-07-31,Rachun Pooma,ref-THA-0000814976,Forest Herbarium,All rights reserved,https://botany.dnp.go.th/eflora/floraspecies.html?tdcode=03879
9,3,ecology,"Mixed deciduous forest, lower montane rain forest, lower montane pine oak forest; altitude 650–2,000 m (most commonly 1,600–2,000 m). Flowering November December; fruiting February March.","Castanopsis rockii. Flora of Thailand. Vol. 9. Part 3, 2008. Pg. 233. Accessed 2021-07-31",wfo-0000815011,EN,C. Phengklai,,Forest Herbarium,2021-07-31,Rachun Pooma,ref-THA-0000815011,Forest Herbarium,All rights reserved,https://botany.dnp.go.th/eflora/floraspecies.html?tdcode=03880
9,3,ecology,"Tropical evergreen rain forest, scrub forest, mixed deciduous forest; altitude 100–400 m. Flowering February–December (most commonly November–December); fruiting July–December.","Castanopsis schefferiana. Flora of Thailand. Vol. 9. Part 3, 2008. Pg. 233. Accessed 2021-07-31",wfo-0000815066,EN,C. Phengklai,,Forest Herbarium,2021-07-31,Rachun Pooma,ref-THA-0000815066,Forest Herbarium,All rights reserved,https://botany.dnp.go.th/eflora/floraspecies.html?tdcode=03881
9,3,ecology,"Mixed deciduous to lower montane pine-oak forest; altitude 400–1,000 m.","Castanopsis siamensis. Flora of Thailand. Vol. 9. Part 3, 2008. Pg. 237. Accessed 2021-07-31",wfo-0000815159,EN,C. Phengklai,,Forest Herbarium,2021-07-31,Rachun Pooma,ref-THA-0000815159,Forest Herbarium,All rights reserved,https://botany.dnp.go.th/eflora/floraspecies.html?tdcode=03882
9,3,ecology,"Tropical evergreen rain forest; altitude 800–1,000 m. Flowering November; fruiting October–November.","Castanopsis thaiensis. Flora of Thailand. Vol. 9. Part 3, 2008. Pg. 239. Accessed 2021-07-31",wfo-0000792525,EN,C. Phengklai,,Forest Herbarium,2021-07-31,Rachun Pooma,ref-THA-0000792525,Forest Herbarium,All rights reserved,https://botany.dnp.go.th/eflora/floraspecies.html?tdcode=03883
9,3,ecology,"Lower montane rain forest, lower montane pine-oak forest, deciduous forest. From summit to gallery on sandstone to granite bedrock; altitude 600–1,700 m (most commonly 1,000–1,300 m). Flowering January–November (most commonly May–June); fruiting March–November (most commonly June–September).","Castanopsis tribuloides. Flora of Thailand. Vol. 9. Part 3, 2008. Pg. 239. Accessed 2021-07-31",wfo-0000815457,EN,C. Phengklai,,Forest Herbarium,2021-07-31,Rachun Pooma,ref-THA-0000815457,Forest Herbarium,All rights reserved,https://botany.dnp.go.th/eflora/floraspecies.html?tdcode=03884
9,3,ecology,"Tropical evergreen rain forest, often near streams; altitude 100 m (most commonly 10–50 m). Flowering January–November (most commonly July–September); fruiting January–August (most commonly January).","Castanopsis wallichii. Flora of Thailand. Vol. 9. Part 3, 2008. Pg. 241. Accessed 2021-07-31",wfo-0000815623,EN,C. Phengklai,,Forest Herbarium,2021-07-31,Rachun Pooma,ref-THA-0000815623,Forest Herbarium,All rights reserved,https://botany.dnp.go.th/eflora/floraspecies.html?tdcode=03885
9,3,ecology,"Lower montane rain forest, pine-diciduous dipterocarp forest, often near streams; altitude 50–2,500 m (most commonly 1,200–1,900 m). Flowering January–December (most commonly June–July); fruiting January–December (most commonly June–July).","Lithocarpus aggregatus. Flora of Thailand. Vol. 9. Part 3, 2008. Pg. 251. Accessed 2021-07-31",wfo-0000229710,EN,C. Phengklai,,Forest Herbarium,2021-07-31,Rachun Pooma,ref-THA-0000229710,Forest Herbarium,All rights reserved,https://botany.dnp.go.th/eflora/floraspecies.html?tdcode=03887
9,3,ecology,"Tropical evergreen rain forest, moist upper mixed deciduous forest, savannah, near streams on granite bedrock; altitude 350–1,600 m (most commonly 1,200–1,300 m). Flowering December–May (most commonly February–March); fruiting May December (most commonly May–June).","Lithocarpus auriculatus. Flora of Thailand. Vol. 9. Part 3, 2008. Pg. 253. Accessed 2021-07-31",wfo-0000229737,EN,C. Phengklai,,Forest Herbarium,2021-07-31,Rachun Pooma,ref-THA-0000229737,Forest Herbarium,All rights reserved,https://botany.dnp.go.th/eflora/floraspecies.html?tdcode=03888
9,3,ecology,"Tropical evergreen rain forest, near streams; altitude 100–500 m. Flowering June–July; fruiting August.","Lithocarpus bancanus. Flora of Thailand. Vol. 9. Part 3, 2008. Pg. 255. Accessed 2021-07-31",wfo-0000229741,EN,C. Phengklai,,Forest Herbarium,2021-07-31,Rachun Pooma,ref-THA-0000229741,Forest Herbarium,All rights reserved,https://botany.dnp.go.th/eflora/floraspecies.html?tdcode=03889
9,3,ecology,"Peat swamp forest, lowland tropical evergreen rain forest.","Lithocarpus bennettii. Flora of Thailand. Vol. 9. Part 3, 2008. Pg. 255. Accessed 2021-07-31",wfo-0000229745,EN,C. Phengklai,,Forest Herbarium,2021-07-31,Rachun Pooma,ref-THA-0000229745,Forest Herbarium,All rights reserved,https://botany.dnp.go.th/eflora/floraspecies.html?tdcode=03890
9,3,ecology,Tropical evergreen rain forest; altitude 50–400 m. Flowering and fruiting; times not recorded.,"Lithocarpus blumeanus. Flora of Thailand. Vol. 9. Part 3, 2008. Pg. 257. Accessed 2021-07-31",wfo-0000229751,EN,C. Phengklai,,Forest Herbarium,2021-07-31,Rachun Pooma,ref-THA-0000229751,Forest Herbarium,All rights reserved,https://botany.dnp.go.th/eflora/floraspecies.html?tdcode=03891
9,3,ecology,"Tropical evergreen rain forest, often near streams, on granite bedrock.","Lithocarpus cantleyanus. Flora of Thailand. Vol. 9. Part 3, 2008. Pg. 261. Accessed 2021-07-31",wfo-0000229780,EN,C. Phengklai,,Forest Herbarium,2021-07-31,Rachun Pooma,ref-THA-0000229780,Forest Herbarium,All rights reserved,https://botany.dnp.go.th/eflora/floraspecies.html?tdcode=03892
9,3,ecology,"Deciduous dipterocarp forest, pine-deciduous dipterocarp forest, tropical evergreen rain forest, on sandstone bedrock.","Lithocarpus cerifer. Flora of Thailand. Vol. 9. Part 3, 2008. Pg. 263. Accessed 2021-07-31",wfo-0000229790,EN,C. Phengklai,,Forest Herbarium,2021-07-31,Rachun Pooma,ref-THA-0000229790,Forest Herbarium,All rights reserved,https://botany.dnp.go.th/eflora/floraspecies.html?tdcode=03893
9,3,ecology,"Tropical evergreen rain forest; altitude 100–200 m. Flowering January, October (most commonly August–November); fruiting February–September (most commonly February–June).","Lithocarpus clementianus. Flora of Thailand. Vol. 9. Part 3, 2008. Pg. 265. Accessed 2021-07-31",wfo-0000229807,EN,C. Phengklai,,Forest Herbarium,2021-07-31,Rachun Pooma,ref-THA-0000229807,Forest Herbarium,All rights reserved,https://botany.dnp.go.th/eflora/floraspecies.html?tdcode=03894
9,3,ecology,"Lower montane rain forest to dry evergreen forest, savannah forest; altitude 150–1,650 m (most commonly 1,000–1,600 m). Flowering January–December (most commonly January–May); fruiting January–December (most commonly January–May).","Lithocarpus craibianus. Flora of Thailand. Vol. 9. Part 3, 2008. Pg. 265. Accessed 2021-07-31",wfo-0000229834,EN,C. Phengklai,,Forest Herbarium,2021-07-31,Rachun Pooma,ref-THA-0000229834,Forest Herbarium,All rights reserved,https://botany.dnp.go.th/eflora/floraspecies.html?tdcode=03895
9,3,ecology,"Tropical evergreen rain forest, often near streams, on granite bedrock; altitude up to 200 m. Flowering and fruiting; July–August.","Lithocarpus curtisii. Flora of Thailand. Vol. 9. Part 3, 2008. Pg. 267. Accessed 2021-07-31",wfo-0000229845,EN,C. Phengklai,,Forest Herbarium,2021-07-31,Rachun Pooma,ref-THA-0000229845,Forest Herbarium,All rights reserved,https://botany.dnp.go.th/eflora/floraspecies.html?tdcode=03896
9,3,ecology,Tropical evergreen rain forest; altitude up to 100 m. Flowering August; fruiting January–August.,"Lithocarpus cyclophorus. Flora of Thailand. Vol. 9. Part 3, 2008. Pg. 269. Accessed 2021-07-31",wfo-0000229849,EN,C. Phengklai,,Forest Herbarium,2021-07-31,Rachun Pooma,ref-THA-0000229849,Forest Herbarium,All rights reserved,https://botany.dnp.go.th/eflora/floraspecies.html?tdcode=03897
9,3,ecology,"Dry dipterocarp forest, mixed deciduous forest, lower montane pine-oak forest, lower montane rain forest; altitude 700–1,600 m (most commonly 700–1,200 m); Flowering January–December (most commonly September–December); fruiting January–December (most commonly April–November).","Lithocarpus dealbatus. Flora of Thailand. Vol. 9. Part 3, 2008. Pg. 271. Accessed 2021-07-31",wfo-0000229859,EN,C. Phengklai,,Forest Herbarium,2021-07-31,Rachun Pooma,ref-THA-0000229859,Forest Herbarium,All rights reserved,https://botany.dnp.go.th/eflora/floraspecies.html?tdcode=03898
9,3,ecology,"Lower montane rain forest, lower montane pine-oak forest, on sandstone bedrock; altitude 1,200–1,950 m. Flowering January; fruiting December.","Lithocarpus echinophorus. Flora of Thailand. Vol. 9. Part 3, 2008. Pg. 273. Accessed 2021-07-31",wfo-0000229886,EN,C. Phengklai,,Forest Herbarium,2021-07-31,Rachun Pooma,ref-THA-0000229886,Forest Herbarium,All rights reserved,https://botany.dnp.go.th/eflora/floraspecies.html?tdcode=03899
9,3,ecology,"Lower montane rain forest; altitude 1,400–1,850 m. Fruiting January.","Lithocarpus echinops. Flora of Thailand. Vol. 9. Part 3, 2008. Pg. 273. Accessed 2021-07-31",wfo-0000229889,EN,C. Phengklai,,Forest Herbarium,2021-07-31,Rachun Pooma,ref-THA-0000229889,Forest Herbarium,All rights reserved,https://botany.dnp.go.th/eflora/floraspecies.html?tdcode=03900
9,3,ecology,Tropical evergreen rain forest; altitude 500 m. Flowering August; fruiting September–December.,"Lithocarpus eichleri. Flora of Thailand. Vol. 9. Part 3, 2008. Pg. 277. Accessed 2021-07-31",wfo-0000229894,EN,C. Phengklai,,Forest Herbarium,2021-07-31,Rachun Pooma,ref-THA-0000229894,Forest Herbarium,All rights reserved,https://botany.dnp.go.th/eflora/floraspecies.html?tdcode=03901
9,3,ecology,"Tropical evergreen rain forest, dry evergreen rain forest, deciduous dipterocarp forest, lower montane pine-oak forest, on granite, limestone or sandstone bedrock; altitude 20–1,550 m (most commonly 600–900 m). Flowering March–November (most commonly April–August); fruiting March–December (most commonly July–December).","Lithocarpus elegans. Flora of Thailand. Vol. 9. Part 3, 2008. Pg. 279. Accessed 2021-07-31",wfo-0000229897,EN,C. Phengklai,,Forest Herbarium,2021-07-31,Rachun Pooma,ref-THA-0000229897,Forest Herbarium,All rights reserved,https://botany.dnp.go.th/eflora/floraspecies.html?tdcode=03902
9,3,ecology,Tropical evergreen rain forest; altitude 0–50 m. Flowering September; fruiting not recorded.,"Lithocarpus elephantum. Flora of Thailand. Vol. 9. Part 3, 2008. Pg. 281. Accessed 2021-07-31",wfo-0000229900,EN,C. Phengklai,,Forest Herbarium,2021-07-31,Rachun Pooma,ref-THA-0000229900,Forest Herbarium,All rights reserved,https://botany.dnp.go.th/eflora/floraspecies.html?tdcode=03903
9,3,ecology,"Tropical evergreen rain forest to lower montane rain forest, pine deciduous dipterocarp forest, often near streams; altitude 50–1,200 m (most commonly 300–800 m). Flowering April–November (most commonly June–August); fruiting April–January (most commonly April–July).","Lithocarpus encleisacarpus. Flora of Thailand. Vol. 9. Part 3, 2008. Pg. 283. Accessed 2021-07-31",wfo-0000229905,EN,C. Phengklai,,Forest Herbarium,2021-07-31,Rachun Pooma,ref-THA-0000229905,Forest Herbarium,All rights reserved,https://botany.dnp.go.th/eflora/floraspecies.html?tdcode=03904
9,3,ecology,"Evergreen rain forest, often near streams, sandstone bedrock; altitude 0–200 m. Flowering April–December (most commonly August–December); fruiting March December (most commonly March–April).","Lithocarpus erythrocarpus. Flora of Thailand. Vol. 9. Part 3, 2008. Pg. 285. Accessed 2021-07-31",wfo-0000229909,EN,C. Phengklai,,Forest Herbarium,2021-07-31,Rachun Pooma,ref-THA-0000229909,Forest Herbarium,All rights reserved,https://botany.dnp.go.th/eflora/floraspecies.html?tdcode=03905
9,3,ecology,"Evergreen rain forest, often near streams; altitude 700–1,200 m (most commonly 700–800 m). Flowering January–December (most commonly October–December); fruiting April–October (most commonly July–August).","Lithocarpus eucalyptifolius. Flora of Thailand. Vol. 9. Part 3, 2008. Pg. 285. Accessed 2021-07-31",wfo-0000229910,EN,C. Phengklai,,Forest Herbarium,2021-07-31,Rachun Pooma,ref-THA-0000229910,Forest Herbarium,All rights reserved,https://botany.dnp.go.th/eflora/floraspecies.html?tdcode=03906
9,3,ecology,"Scrub and secondary forest, evergreen rain forest, on limestone bedrock, often near streams; altitude 10–300 m (most commonly 50–100 m). Flowering January–December (most commonly July–September); fruiting January–September (most commonly March–June).","Lithocarpus falconeri. Flora of Thailand. Vol. 9. Part 3, 2008. Pg. 287. Accessed 2021-07-31",wfo-0000229915,EN,C. Phengklai,,Forest Herbarium,2021-07-31,Rachun Pooma,ref-THA-0000229915,Forest Herbarium,All rights reserved,https://botany.dnp.go.th/eflora/floraspecies.html?tdcode=03907
9,3,ecology,"Lower montane rain forest, pine-deciduous dipterocarp forest, dry evergreen to lower montane pine-oak forest, near streams on granite bedrock; altitude 800–2,350 m (most commonly 900–1,300 m). Flowering January–November (most commonly September–January); fruiting July–September.","Lithocarpus fenestratus. Flora of Thailand. Vol. 9. Part 3, 2008. Pg. 289. Accessed 2021-07-31",wfo-0000229918,EN,C. Phengklai,,Forest Herbarium,2021-07-31,Rachun Pooma,ref-THA-0000229918,Forest Herbarium,All rights reserved,https://botany.dnp.go.th/eflora/floraspecies.html?tdcode=03908
9,3,ecology,"Mixed deciduous forest, deciduous dipterocarp forest, often near streams, on granite bedrock.","Lithocarpus garrettianus. Flora of Thailand. Vol. 9. Part 3, 2008. Pg. 291. Accessed 2021-07-31",wfo-0000229936,EN,C. Phengklai,,Forest Herbarium,2021-07-31,Rachun Pooma,ref-THA-0000229936,Forest Herbarium,All rights reserved,https://botany.dnp.go.th/eflora/floraspecies.html?tdcode=03909
9,3,ecology,Lowland tropical evergreen rain forest to swamp forest; altitude 0–100 m. Flowering and fruiting November–March.,"Lithocarpus gracilis. Flora of Thailand. Vol. 9. Part 3, 2008. Pg. 293. Accessed 2021-07-31",wfo-0000229946,EN,C. Phengklai,,Forest Herbarium,2021-07-31,Rachun Pooma,ref-THA-0000229946,Forest Herbarium,All rights reserved,https://botany.dnp.go.th/eflora/floraspecies.html?tdcode=03910
9,3,ecology,"Tropical evergreen rain forest, dry evergreen forest, lower montane pine oak forest, deciduous dipterocarp forest, on sandstone or granite bedrock; altitude 50–1300 m (most commonly 200–900 m). Flowering January–December (most commonly January–May); fruiting January–December (most commonly June–August).","Lithocarpus harmandii. Flora of Thailand. Vol. 9. Part 3, 2008. Pg. 295. Accessed 2021-07-31",wfo-0000229961,EN,C. Phengklai,,Forest Herbarium,2021-07-31,Rachun Pooma,ref-THA-0000229961,Forest Herbarium,All rights reserved,https://botany.dnp.go.th/eflora/floraspecies.html?tdcode=03911
9,3,ecology,Tropical evergreen rain forest; altitude up to 50 m. Flowering and fruiting; December.,"Lithocarpus hendersonianus. Flora of Thailand. Vol. 9. Part 3, 2008. Pg. 295. Accessed 2021-07-31",wfo-0000229968,EN,C. Phengklai,,Forest Herbarium,2021-07-31,Rachun Pooma,ref-THA-0000229968,Forest Herbarium,All rights reserved,https://botany.dnp.go.th/eflora/floraspecies.html?tdcode=03912
9,3,ecology,"Tropical evergreen rain forest, lower montane rain forest, moist upper mixed deciduous forest, deciduous-dipterocarp forest, on granite or sandstone bedrock; altitude 700–1,500 m (most commonly 700–1,000 m). Flowering February–December (most commonly February–May); fruiting May–December (most commonly May–July).","Lithocarpus lindleyanus. Flora of Thailand. Vol. 9. Part 3, 2008. Pg. 299. Accessed 2021-07-31",wfo-0000230046,EN,C. Phengklai,,Forest Herbarium,2021-07-31,Rachun Pooma,ref-THA-0000230046,Forest Herbarium,All rights reserved,https://botany.dnp.go.th/eflora/floraspecies.html?tdcode=03913
9,3,ecology,Tropical evergreen rain forest; altitude 100–200 m. Fruiting May–June.,"Lithocarpus loratifolius. Flora of Thailand. Vol. 9. Part 3, 2008. Pg. 301. Accessed 2021-07-31",wfo-0000796527,EN,C. Phengklai,,Forest Herbarium,2021-07-31,Rachun Pooma,ref-THA-0000796527,Forest Herbarium,All rights reserved,https://botany.dnp.go.th/eflora/floraspecies.html?tdcode=03914
9,3,ecology,"Tropical evergreen rain forest, often near streams, on granite bedrock.","Lithocarpus lucidus. Flora of Thailand. Vol. 9. Part 3, 2008. Pg. 301. Accessed 2021-07-31",wfo-0000230063,EN,C. Phengklai,,Forest Herbarium,2021-07-31,Rachun Pooma,ref-THA-0000230063,Forest Herbarium,All rights reserved,https://botany.dnp.go.th/eflora/floraspecies.html?tdcode=03915
9,3,ecology,Tropical evergreen rain forest; altitude 100–250 m. Flowering July August; fruiting; July–August.,"Lithocarpus macphailii. Flora of Thailand. Vol. 9. Part 3, 2008. Pg. 303. Accessed 2021-07-31",wfo-0000230071,EN,C. Phengklai,,Forest Herbarium,2021-07-31,Rachun Pooma,ref-THA-0000230071,Forest Herbarium,All rights reserved,https://botany.dnp.go.th/eflora/floraspecies.html?tdcode=03916
9,3,ecology,"Lower montane rain forest, tropical evergreen rain forest, deciduous dipterocarp forest; altitude 880–2,000 m (most commonly 900–1,300 m). Flowering February December (most commonly August September); fruiting March.","Lithocarpus magneinii. Flora of Thailand. Vol. 9. Part 3, 2008. Pg. 305. Accessed 2021-07-31",wfo-0000230072,EN,C. Phengklai,,Forest Herbarium,2021-07-31,Rachun Pooma,ref-THA-0000230072,Forest Herbarium,All rights reserved,https://botany.dnp.go.th/eflora/floraspecies.html?tdcode=03917
9,3,ecology,"Lower montane rain forest, lower montane pine-oak forest, tropical evergreen rain forest, on limestone bedrock; altitude 750–2,200 m (most commonly 1,100–1,300 m). Flowering December–February; fruiting January–June (most commonly January–February).","Lithocarpus magnificus. Flora of Thailand. Vol. 9. Part 3, 2008. Pg. 307. Accessed 2021-07-31",wfo-0000230073,EN,C. Phengklai,,Forest Herbarium,2021-07-31,Rachun Pooma,ref-THA-0000230073,Forest Herbarium,All rights reserved,https://botany.dnp.go.th/eflora/floraspecies.html?tdcode=03918
9,3,ecology,"Tropical evergreen rain forest, on granite bedrock; altitude 100–500 m. Flowering September–November; fruiting November–January.","Lithocarpus maingayi. Flora of Thailand. Vol. 9. Part 3, 2008. Pg. 308. Accessed 2021-07-31",wfo-0000230074,EN,C. Phengklai,,Forest Herbarium,2021-07-31,Rachun Pooma,ref-THA-0000230074,Forest Herbarium,All rights reserved,https://botany.dnp.go.th/eflora/floraspecies.html?tdcode=03919
9,3,ecology,"Tropical evergreen rain forest, pine deciduous dipterocarp forest, on sandstone or granite bedrock.","Lithocarpus mekongensis. Flora of Thailand. Vol. 9. Part 3, 2008. Pg. 309. Accessed 2021-07-31",wfo-0000230083,EN,C. Phengklai,,Forest Herbarium,2021-07-31,Rachun Pooma,ref-THA-0000230083,Forest Herbarium,All rights reserved,https://botany.dnp.go.th/eflora/floraspecies.html?tdcode=03920
9,3,ecology,"Tropical evergreen rain forest; altitude 900–1,500 m. Flowering and fruiting; February–March.","Lithocarpus neorobinsonii. Flora of Thailand. Vol. 9. Part 3, 2008. Pg. 313. Accessed 2021-07-31",wfo-0000230108,EN,C. Phengklai,,Forest Herbarium,2021-07-31,Rachun Pooma,ref-THA-0000230108,Forest Herbarium,All rights reserved,https://botany.dnp.go.th/eflora/floraspecies.html?tdcode=03921
9,3,ecology,On ridges in tropical evergreen rain forest. Flowering September; fruiting August–September.,"Lithocarpus pattaniensis. Flora of Thailand. Vol. 9. Part 3, 2008. Pg. 315. Accessed 2021-07-31",wfo-0000230154,EN,C. Phengklai,,Forest Herbarium,2021-07-31,Rachun Pooma,ref-THA-0000230154,Forest Herbarium,All rights reserved,https://botany.dnp.go.th/eflora/floraspecies.html?tdcode=03922
9,3,ecology,Tropical evergreen rain forest; altitude up to 500 m. Flowering and fruiting July.,"Lithocarpus pierrei. Flora of Thailand. Vol. 9. Part 3, 2008. Pg. 315. Accessed 2021-07-31",wfo-0000230163,EN,C. Phengklai,,Forest Herbarium,2021-07-31,Rachun Pooma,ref-THA-0000230163,Forest Herbarium,All rights reserved,https://botany.dnp.go.th/eflora/floraspecies.html?tdcode=03923
9,3,ecology,"Tropical evergreen rain forest to lower montane rain forest, on granite bedrock; altitude 50–1,750 m (most commonly 200–300 m). Flowering February–November (most commonly February–March); fruiting March–August.","Lithocarpus platycarpus. Flora of Thailand. Vol. 9. Part 3, 2008. Pg. 317. Accessed 2021-07-31",wfo-0000230165,EN,C. Phengklai,,Forest Herbarium,2021-07-31,Rachun Pooma,ref-THA-0000230165,Forest Herbarium,All rights reserved,https://botany.dnp.go.th/eflora/floraspecies.html?tdcode=03924
9,3,ecology,"Deciduous dipterocarp forest, pine deciduous dipterocarp forest, mixed deciduous forest, old clearings, to lower montane rain forest; on sandstone bedrock; altitude 60–2,200 m (most commonly 600–1,000 m). Flowering January–December (most commonly November–May); fruiting June–November (most commonly June–July).","Lithocarpus polystachyus. Flora of Thailand. Vol. 9. Part 3, 2008. Pg. 319. Accessed 2021-07-31",wfo-0000230171,EN,C. Phengklai,,Forest Herbarium,2021-07-31,Rachun Pooma,ref-THA-0000230171,Forest Herbarium,All rights reserved,https://botany.dnp.go.th/eflora/floraspecies.html?tdcode=03925
9,3,ecology,"Tropical evergreen rain forest, along ridges; altitude 700–900 m. Flowering March–September; fruiting August.","Lithocarpus rassa. Flora of Thailand. Vol. 9. Part 3, 2008. Pg. 321. Accessed 2021-07-31",wfo-0000230200,EN,C. Phengklai,,Forest Herbarium,2021-07-31,Rachun Pooma,ref-THA-0000230200,Forest Herbarium,All rights reserved,https://botany.dnp.go.th/eflora/floraspecies.html?tdcode=03926
9,3,ecology,"Lower montane rain forest, tropical evergreen rain forest; altitude 180–2,400 m (most commonly 1,300–2,400 m). Flowering January–December (most commonly January–May); fruiting February–November (most commonly October–November).","Lithocarpus recurvatus. Flora of Thailand. Vol. 9. Part 3, 2008. Pg. 323. Accessed 2021-07-31",wfo-0000230202,EN,C. Phengklai,,Forest Herbarium,2021-07-31,Rachun Pooma,ref-THA-0000230202,Forest Herbarium,All rights reserved,https://botany.dnp.go.th/eflora/floraspecies.html?tdcode=03927
9,3,ecology,"Tropical evergreen rain forest, often near streams; altitude 40–400 m. Flowering January–June (most commonly January–March); fruiting March–August (most commonly March–April).","Lithocarpus reinwardtii. Flora of Thailand. Vol. 9. Part 3, 2008. Pg. 323. Accessed 2021-07-31",wfo-0000230205,EN,C. Phengklai,,Forest Herbarium,2021-07-31,Rachun Pooma,ref-THA-0000230205,Forest Herbarium,All rights reserved,https://botany.dnp.go.th/eflora/floraspecies.html?tdcode=03928
9,3,ecology,"Tropical evergreen rain forest, near streams; altitude 50–200 m. Flowering and fruiting, not recorded.","Lithocarpus revolutus. Flora of Thailand. Vol. 9. Part 3, 2008. Pg. 325. Accessed 2021-07-31",wfo-0000230206,EN,C. Phengklai,,Forest Herbarium,2021-07-31,Rachun Pooma,ref-THA-0000230206,Forest Herbarium,All rights reserved,https://botany.dnp.go.th/eflora/floraspecies.html?tdcode=03929
9,3,ecology,Tropical evergreen rain forest; altitude 100–150 m. Flowering July; fruiting September.,"Lithocarpus rufescens. Flora of Thailand. Vol. 9. Part 3, 2008. Pg. 329. Accessed 2021-07-31",wfo-0000230220,EN,C. Phengklai,,Forest Herbarium,2021-07-31,Rachun Pooma,ref-THA-0000230220,Forest Herbarium,All rights reserved,https://botany.dnp.go.th/eflora/floraspecies.html?tdcode=03930
9,3,ecology,"Tropical evergreen rain forest; altitude 650–1,000 m. Flowering November; fruiting April–September.","Lithocarpus scortechinii. Flora of Thailand. Vol. 9. Part 3, 2008. Pg. 329. Accessed 2021-07-31",wfo-0000230229,EN,C. Phengklai,,Forest Herbarium,2021-07-31,Rachun Pooma,ref-THA-0000230229,Forest Herbarium,All rights reserved,https://botany.dnp.go.th/eflora/floraspecies.html?tdcode=03931
9,3,ecology,Tropical evergreen rain forest; altitude 650–750 m. Flowering November January; fruiting January–March.,"Lithocarpus siamensis. Flora of Thailand. Vol. 9. Part 3, 2008. Pg. 331. Accessed 2021-07-31",wfo-0000230238,EN,C. Phengklai,,Forest Herbarium,2021-07-31,Rachun Pooma,ref-THA-0000230238,Forest Herbarium,All rights reserved,https://botany.dnp.go.th/eflora/floraspecies.html?tdcode=03932
9,3,ecology,"Deciduous dipterocarp forest, mixed deciduous forest, lower montane rain forest, lower montane pine-oak forest, on granite bedrock; altitude 600–1,650 m (most commonly 800–1,200 m). Flowering January–December (most commonly September–December); fruiting June–December (most commonly June–September).","Lithocarpus sootepensis. Flora of Thailand. Vol. 9. Part 3, 2008. Pg. 333. Accessed 2021-07-31",wfo-0000230248,EN,C. Phengklai,,Forest Herbarium,2021-07-31,Rachun Pooma,ref-THA-0000230248,Forest Herbarium,All rights reserved,https://botany.dnp.go.th/eflora/floraspecies.html?tdcode=03933
9,3,ecology,"Swamp forest, tropical evergreen rain forest; altitude 50–900 m. Flowering April–November (most commonly April–September); fruiting July–December (most commonly July–September).","Lithocarpus sundaicus. Flora of Thailand. Vol. 9. Part 3, 2008. Pg. 335. Accessed 2021-07-31",wfo-0000230271,EN,C. Phengklai,,Forest Herbarium,2021-07-31,Rachun Pooma,ref-THA-0000230271,Forest Herbarium,All rights reserved,https://botany.dnp.go.th/eflora/floraspecies.html?tdcode=03934
9,3,ecology,"Mixed deciduous forest, dry evergreen forest, lower montane scrub, lower montane rain forest; altitude 100–1,700 m (most commonly 500–900 m). Flowering January December (most commonly November–December); fruiting January–December (most commonly July–September).","Lithocarpus thomsonii. Flora of Thailand. Vol. 9. Part 3, 2008. Pg. 337. Accessed 2021-07-31",wfo-0000230292,EN,C. Phengklai,,Forest Herbarium,2021-07-31,Rachun Pooma,ref-THA-0000230292,Forest Herbarium,All rights reserved,https://botany.dnp.go.th/eflora/floraspecies.html?tdcode=03935
9,3,ecology,"Lower montane rain forest, tropical evergreen rain forest, deciduous dipterocarp forest, on rocky and granite bedrock; altitude 470–1,500 m (most commonly 1,000–1,300 m). Flowering January–December (most commonly May–August); fruiting March, September (most commonly June–September).","Lithocarpus trachycarpus. Flora of Thailand. Vol. 9. Part 3, 2008. Pg. 339. Accessed 2021-07-31",wfo-0000230295,EN,C. Phengklai,,Forest Herbarium,2021-07-31,Rachun Pooma,ref-THA-0000230295,Forest Herbarium,All rights reserved,https://botany.dnp.go.th/eflora/floraspecies.html?tdcode=03936
9,3,ecology,"Lower montane rain forest, lower montane pine-oak forest, dry evergreen forest, on sandstone or granite bedrock; altitude 600–1,260 m (most commonly 900–1,000 m). Flowering May–January (most commonly July–December); fruiting March–November (most commonly July–September).","Lithocarpus truncatus. Flora of Thailand. Vol. 9. Part 3, 2008. Pg. 339. Accessed 2021-07-31",wfo-0000230300,EN,C. Phengklai,,Forest Herbarium,2021-07-31,Rachun Pooma,ref-THA-0000230300,Forest Herbarium,All rights reserved,https://botany.dnp.go.th/eflora/floraspecies.html?tdcode=03937
9,3,ecology,"Tropical evergreen rain forest; altitude 50–100 m. Flowering February, April; fruiting June–December.","Lithocarpus tubulosus. Flora of Thailand. Vol. 9. Part 3, 2008. Pg. 341. Accessed 2021-07-31",wfo-0000230303,EN,C. Phengklai,,Forest Herbarium,2021-07-31,Rachun Pooma,ref-THA-0000230303,Forest Herbarium,All rights reserved,https://botany.dnp.go.th/eflora/floraspecies.html?tdcode=03938
9,3,ecology,"Evergreen and dry evergreen forest, pine-deciduous dipterocarp and lower montane pine-oak forests, mixed deciduous forest; altitude 50–1,400 m (most commonly 600–1,100 m). Flowering December–May (most commonly January–March); fruiting February October (most commonly March).","Lithocarpus vestitus. Flora of Thailand. Vol. 9. Part 3, 2008. Pg. 345. Accessed 2021-07-31",wfo-0000230314,EN,C. Phengklai,,Forest Herbarium,2021-07-31,Rachun Pooma,ref-THA-0000230314,Forest Herbarium,All rights reserved,https://botany.dnp.go.th/eflora/floraspecies.html?tdcode=03939
9,3,ecology,"Tropical evergreen rain forest, lower montane pine-oak forest, often near streams, on sandstone bedrock.","Lithocarpus wallichianus. Flora of Thailand. Vol. 9. Part 3, 2008. Pg. 347. Accessed 2021-07-31",wfo-0000230320,EN,C. Phengklai,,Forest Herbarium,2021-07-31,Rachun Pooma,ref-THA-0000230320,Forest Herbarium,All rights reserved,https://botany.dnp.go.th/eflora/floraspecies.html?tdcode=03940
9,3,ecology,"Tropical evergreen rain forest, lower montane oak forest, often near streams, on limestone or granite bedrock; altitude 50–600 m. Flowering January–July (most commonly January–March); fruiting April–September (most commonly May–August).","Lithocarpus wrayi. Flora of Thailand. Vol. 9. Part 3, 2008. Pg. 349. Accessed 2021-07-31",wfo-0000230328,EN,C. Phengklai,,Forest Herbarium,2021-07-31,Rachun Pooma,ref-THA-0000230328,Forest Herbarium,All rights reserved,https://botany.dnp.go.th/eflora/floraspecies.html?tdcode=03941
9,3,ecology,"Lower montane rain forest; altitude 1,400–2,400 m. Flowering and fruiting; October–December.","Lithocarpus xylocarpus. Flora of Thailand. Vol. 9. Part 3, 2008. Pg. 351. Accessed 2021-07-31",wfo-0000230330,EN,C. Phengklai,,Forest Herbarium,2021-07-31,Rachun Pooma,ref-THA-0000230330,Forest Herbarium,All rights reserved,https://botany.dnp.go.th/eflora/floraspecies.html?tdcode=03942
9,3,ecology,"Lower montane rain forest, lower montane pine-oak forest, lower montane oak forest, on sandstone bedrock; altitude 650–1,300 m (most commonly 1,000–1,300 m). Flowering January–March; fruiting March–November (most commonly September–November).","Quercus acutissima. Flora of Thailand. Vol. 9. Part 3, 2008. Pg. 357. Accessed 2021-07-31",wfo-0000289386,EN,C. Phengklai,,Forest Herbarium,2021-07-31,Rachun Pooma,ref-THA-0000289386,Forest Herbarium,All rights reserved,https://botany.dnp.go.th/eflora/floraspecies.html?tdcode=03944
9,3,ecology,"Mixed deciduous forest, lower montane rain forest, pine-deciduous dipterocarp forest; opened and wet grassland, usually pure stand on sandstone bedrock near by stream; altitude 800–1,500 m (most commonly 1,200–1,300 m). Flowering March–June (most commonly March–April); fruiting March–December (most commonly September–November).","Quercus aliena griffithii. Flora of Thailand. Vol. 9. Part 3, 2008. Pg. 359. Accessed 2021-07-31",wfo-0000807376,EN,C. Phengklai,,Forest Herbarium,2021-07-31,Rachun Pooma,ref-THA-0000807376,Forest Herbarium,All rights reserved,https://botany.dnp.go.th/eflora/florainfra.html?tdcode=03947
9,3,ecology,"Lower montane rain forest, evergreen forest on granite bedrock; altitude 1,100–2,500 m (most commonly 1,500–2,000 m). Flowering and fruiting; usually at the same time. Flowering January–March and fruiting January–December (most commonly January–March).","Quercus augustini. Flora of Thailand. Vol. 9. Part 3, 2008. Pg. 361. Accessed 2021-07-31",wfo-0000289659,EN,C. Phengklai,,Forest Herbarium,2021-07-31,Rachun Pooma,ref-THA-0000289659,Forest Herbarium,All rights reserved,https://botany.dnp.go.th/eflora/floraspecies.html?tdcode=03948
9,3,ecology,"Lower montane pine-oak forest, tropical evergreen rain forest, pine deciduous dipterocarp forest, limestone hill, often near streams; altitude 800–2,500 m (most commonly 800–1,200 m). Flowering January–December (most commonly January–May); fruiting January–December (most commonly June–September), usually flowering and fruiting at the same time.","Quercus auricoma. Flora of Thailand. Vol. 9. Part 3, 2008. Pg. 361. Accessed 2021-07-31",wfo-0000289668,EN,C. Phengklai,,Forest Herbarium,2021-07-31,Rachun Pooma,ref-THA-0000289668,Forest Herbarium,All rights reserved,https://botany.dnp.go.th/eflora/floraspecies.html?tdcode=03949
9,3,ecology,"On hill slopes, near streams in tropical evergreen rain forest; altitude 600–1,400 m. Flowering January; fruiting February–December (most commonly February–March).","Quercus austrocochinchinensis. Flora of Thailand. Vol. 9. Part 3, 2008. Pg. 363. Accessed 2021-07-31",wfo-0000289676,EN,C. Phengklai,,Forest Herbarium,2021-07-31,Rachun Pooma,ref-THA-0000289676,Forest Herbarium,All rights reserved,https://botany.dnp.go.th/eflora/floraspecies.html?tdcode=03950
9,3,ecology,"Lower montane rain forest, lower montane pine-oak forest, mixed deciduous forest, pine-deciduous dipterocarp forest, deciduous dipterocarp forest, limestone or granite bedrock; altitude 850–1,500 m (most commonly 850–1,000 m). Flowering March–December (most commonly November–December); fruiting February–December (most commonly April–May).","Quercus brandisiana. Flora of Thailand. Vol. 9. Part 3, 2008. Pg. 367. Accessed 2021-07-31",wfo-0000289832,EN,C. Phengklai,,Forest Herbarium,2021-07-31,Rachun Pooma,ref-THA-0000289832,Forest Herbarium,All rights reserved,https://botany.dnp.go.th/eflora/floraspecies.html?tdcode=03951
9,3,ecology,"Tropical evergreen rain forest, often near streams; altitude 100–1,500 m (most commonly 1,200 m). Flowering February–December (most commonly November December); fruiting February–December (most commonly February–April).","Quercus fleuryi. Flora of Thailand. Vol. 9. Part 3, 2008. Pg. 367. Accessed 2021-07-31",wfo-0000290800,EN,C. Phengklai,,Forest Herbarium,2021-07-31,Rachun Pooma,ref-THA-0000290800,Forest Herbarium,All rights reserved,https://botany.dnp.go.th/eflora/floraspecies.html?tdcode=03952
9,3,ecology,"Upper and lower montane scrub, mixed deciduous forest, usually on limestone bedrock; altitude 1,600–2,100 m (most commonly 1,800–2,000 m). Flowering April; fruiting February–September.","Quercus franchetii. Flora of Thailand. Vol. 9. Part 3, 2008. Pg. 369. Accessed 2021-07-31",wfo-0000290832,EN,C. Phengklai,,Forest Herbarium,2021-07-31,Rachun Pooma,ref-THA-0000290832,Forest Herbarium,All rights reserved,https://botany.dnp.go.th/eflora/floraspecies.html?tdcode=03953
9,3,ecology,"Mixed deciduous forest, lower montane pine-oak forest, upper and lower montane scrub, deciduous dipterocarp forest on granite bedrock; altitude 500–2,650 m (most commonly 800–1,500 m). Flowering December–March; fruiting February–November (most commonly March–August).","Quercus helferiana. Flora of Thailand. Vol. 9. Part 3, 2008. Pg. 371. Accessed 2021-07-31",wfo-0000291077,EN,C. Phengklai,,Forest Herbarium,2021-07-31,Rachun Pooma,ref-THA-0000291077,Forest Herbarium,All rights reserved,https://botany.dnp.go.th/eflora/floraspecies.html?tdcode=03954
9,3,ecology,"Mixed deciduous forest, deciduous dipterocarp forest, pine-deciduous dipterocarp forest, tropical evergreen rain forest, on granite bedrock; altitude 400–1,250 m (most commonly 500–900 m). Flowering March–April; fruiting January–October (most commonly June–September).","Quercus kerrii. Flora of Thailand. Vol. 9. Part 3, 2008. Pg. 373. Accessed 2021-07-31",wfo-0000291467,EN,C. Phengklai,,Forest Herbarium,2021-07-31,Rachun Pooma,ref-THA-0000291467,Forest Herbarium,All rights reserved,https://botany.dnp.go.th/eflora/floraspecies.html?tdcode=03955
9,3,ecology,"Mixed deciduous forest, lower montane pine-oak forest, lower montane rain forest, limestone or granite bedrock; altitude 500–2,100 m (most commonly 700–1,000 m). Flowering January–November (most commonly January–March); fruiting January–November (most commonly May–October).","Quercus kingiana. Flora of Thailand. Vol. 9. Part 3, 2008. Pg. 373. Accessed 2021-07-31",wfo-0000291470,EN,C. Phengklai,,Forest Herbarium,2021-07-31,Rachun Pooma,ref-THA-0000291470,Forest Herbarium,All rights reserved,https://botany.dnp.go.th/eflora/floraspecies.html?tdcode=03956
9,3,ecology,"Lower montane rain forest, limestone bedrock; altitude 1,500–1,700 m.","Quercus lamellosa. Flora of Thailand. Vol. 9. Part 3, 2008. Pg. 377. Accessed 2021-07-31",wfo-0000291523,EN,C. Phengklai,,Forest Herbarium,2021-07-31,Rachun Pooma,ref-THA-0000291523,Forest Herbarium,All rights reserved,https://botany.dnp.go.th/eflora/floraspecies.html?tdcode=03957
9,3,ecology,"Exposed ridges in lower montane rain forest, on limestone bedrock; altitude 1,400–2,200 m (most commonly 1,800–2,100 m). Flowering January–December (most commonly December); fruiting July–November (most commonly October–November).","Quercus lanata. Flora of Thailand. Vol. 9. Part 3, 2008. Pg. 379. Accessed 2021-07-31",wfo-0000291531,EN,C. Phengklai,,Forest Herbarium,2021-07-31,Rachun Pooma,ref-THA-0000291531,Forest Herbarium,All rights reserved,https://botany.dnp.go.th/eflora/floraspecies.html?tdcode=03958
9,3,ecology,"Mixed deciduous forest, lower montane rain forest; near streams on granite bedrock; altitude 880–1,800 m (most commonly 1,000 m or more). Flowering May–November.","Quercus lenticellata. Flora of Thailand. Vol. 9. Part 3, 2008. Pg. 379. Accessed 2021-07-31",wfo-0000291661,EN,C. Phengklai,,Forest Herbarium,2021-07-31,Rachun Pooma,ref-THA-0000291661,Forest Herbarium,All rights reserved,https://botany.dnp.go.th/eflora/floraspecies.html?tdcode=03959
9,3,ecology,"Lower montane rain forest, lower montane pine-oak forest, mixed deciduous forest. Sometimes on limestone bedrock; altitude 500–2,200 m (most commonly 1,200–1,500 m). Flowering January–November; fruiting January–December (most commonly May–September).","Quercus lineata. Flora of Thailand. Vol. 9. Part 3, 2008. Pg. 381. Accessed 2021-07-31",wfo-0000291701,EN,C. Phengklai,,Forest Herbarium,2021-07-31,Rachun Pooma,ref-THA-0000291701,Forest Herbarium,All rights reserved,https://botany.dnp.go.th/eflora/floraspecies.html?tdcode=03960
9,3,ecology,"Dry evergreen forest, mixed deciduous forest, deciduous dipterocarp forest, granite or limestone bedrock.","Quercus mespilifolia pubescens. Flora of Thailand. Vol. 9. Part 3, 2008. Pg. 385. Accessed 2021-07-31",wfo-0000799368,EN,C. Phengklai,,Forest Herbarium,2021-07-31,Rachun Pooma,ref-THA-0000799368,Forest Herbarium,All rights reserved,https://botany.dnp.go.th/eflora/florainfra.html?tdcode=03963
9,3,ecology,"Deciduous dipterocarp forest, dry evergreen forest, tropical evergreen rain forest, sandy soils or granite bedrock, often near streams; altitude 50–900 m (most commonly 500–900 m). Flowering February–December (most commonly October–December); fruiting March–December (most commonly August–October).","Quercus myrsinifolia. Flora of Thailand. Vol. 9. Part 3, 2008. Pg. 385. Accessed 2021-07-31",wfo-0000292104,EN,C. Phengklai,,Forest Herbarium,2021-07-31,Rachun Pooma,ref-THA-0000292104,Forest Herbarium,All rights reserved,https://botany.dnp.go.th/eflora/floraspecies.html?tdcode=03964
9,3,ecology,"Tropical evergreen rain forest, lower montane rain forest, often on ridges over granite bedrock; altitude 800–1,700 m (most commonly 1,200–1,400 m). Flowering December; fruiting March–December (most commonly September).","Quercus oidocarpa. Flora of Thailand. Vol. 9. Part 3, 2008. Pg. 389. Accessed 2021-07-31",wfo-0000292253,EN,C. Phengklai,,Forest Herbarium,2021-07-31,Rachun Pooma,ref-THA-0000292253,Forest Herbarium,All rights reserved,https://botany.dnp.go.th/eflora/floraspecies.html?tdcode=03965
9,3,ecology,"Lower montane rain forest, tropical evergreen rain forest, on ridge; altitude 1,800–2,000 m. Flowering and fruiting; March–December (most commonly March–April).","Quercus oxyodon. Flora of Thailand. Vol. 9. Part 3, 2008. Pg. 391. Accessed 2021-07-31",wfo-0000292292,EN,C. Phengklai,,Forest Herbarium,2021-07-31,Rachun Pooma,ref-THA-0000292292,Forest Herbarium,All rights reserved,https://botany.dnp.go.th/eflora/floraspecies.html?tdcode=03966
9,3,ecology,"Lower montane pine-oak forest, mixed deciduous forest, often on ridges over granite bedrock; altitude 600–1,400 m (most commonly 600–900 m). Flowering February, April; fruiting January–December (most commonly January–March).","Quercus poilanei. Flora of Thailand. Vol. 9. Part 3, 2008. Pg. 393. Accessed 2021-07-31",wfo-0000292571,EN,C. Phengklai,,Forest Herbarium,2021-07-31,Rachun Pooma,ref-THA-0000292571,Forest Herbarium,All rights reserved,https://botany.dnp.go.th/eflora/floraspecies.html?tdcode=03967
9,3,ecology,"Tropical evergreen rain forest, lower montane rain forest, near streams; altitude 800–2,500 m (most commonly 900–1,300 m). Flowering February–April; fruiting February–November (most commonly February).","Quercus quangtriensis. Flora of Thailand. Vol. 9. Part 3, 2008. Pg. 393. Accessed 2021-07-31",wfo-0000292753,EN,C. Phengklai,,Forest Herbarium,2021-07-31,Rachun Pooma,ref-THA-0000292753,Forest Herbarium,All rights reserved,https://botany.dnp.go.th/eflora/floraspecies.html?tdcode=03968
9,3,ecology,"Lower montane rain forest, lower montane pine-oak forest, deciduous dipterocarp forest, savannah forest, often near streams on granite bedrock.","Quercus ramsbottomii. Flora of Thailand. Vol. 9. Part 3, 2008. Pg. 395. Accessed 2021-07-31",wfo-0000292767,EN,C. Phengklai,,Forest Herbarium,2021-07-31,Rachun Pooma,ref-THA-0000292767,Forest Herbarium,All rights reserved,https://botany.dnp.go.th/eflora/floraspecies.html?tdcode=03969
9,3,ecology,"Tropical evergreen rain forest, lower montane rain forest; altitude 880–1,600 m (most commonly 1,200–1,600 m). Flowering March December (most commonly December–March); fruiting July.","Quercus rex. Flora of Thailand. Vol. 9. Part 3, 2008. Pg. 397. Accessed 2021-07-31",wfo-0000292829,EN,C. Phengklai,,Forest Herbarium,2021-07-31,Rachun Pooma,ref-THA-0000292829,Forest Herbarium,All rights reserved,https://botany.dnp.go.th/eflora/floraspecies.html?tdcode=03970
9,3,ecology,Tropical evergreen rain forest; altitude 500–800 m. Flowering and fruiting; July–September.,"Quercus saravanensis. Flora of Thailand. Vol. 9. Part 3, 2008. Pg. 399. Accessed 2021-07-31",wfo-0000293080,EN,C. Phengklai,,Forest Herbarium,2021-07-31,Rachun Pooma,ref-THA-0000293080,Forest Herbarium,All rights reserved,https://botany.dnp.go.th/eflora/floraspecies.html?tdcode=03971
9,3,ecology,"Exposed ridges in lower montane rain forest, on limestone bedrock; altitude 1,950–2,200 m. Flowering May; fruiting April–July (most commonly May–June).","Quercus semecarpifolia. Flora of Thailand. Vol. 9. Part 3, 2008. Pg. 399. Accessed 2021-07-31",wfo-0000293136,EN,C. Phengklai,,Forest Herbarium,2021-07-31,Rachun Pooma,ref-THA-0000293136,Forest Herbarium,All rights reserved,https://botany.dnp.go.th/eflora/floraspecies.html?tdcode=03972
9,3,ecology,"Tropical evergreen rain forest, lower montane rain forest, on granite, limestone or sandstone bedrock, often near streams; altitude 250–1,800 m (most commonly 1,200–1,400 m). Flowering February–December (most commonly March); fruiting January, December (most commonly May–June).","Quercus semiserrata. Flora of Thailand. Vol. 9. Part 3, 2008. Pg. 401. Accessed 2021-07-31",wfo-0000293147,EN,C. Phengklai,,Forest Herbarium,2021-07-31,Rachun Pooma,ref-THA-0000293147,Forest Herbarium,All rights reserved,https://botany.dnp.go.th/eflora/floraspecies.html?tdcode=03973
9,3,ecology,"Tropical evergreen rain forest, on granite bedrock.","Quercus sessilifolia. Flora of Thailand. Vol. 9. Part 3, 2008. Pg. 403. Accessed 2021-07-31",wfo-0000293224,EN,C. Phengklai,,Forest Herbarium,2021-07-31,Rachun Pooma,ref-THA-0000293224,Forest Herbarium,All rights reserved,https://botany.dnp.go.th/eflora/floraspecies.html?tdcode=03974
9,3,ecology,"Evergreen forest, lower montane oak forest, loamy soils near streams; altitude 600–1,000 m (most commonly 800–1,000 m). Flowering January–May; fruiting January, November (most commonly May–September).","Quercus setulosa. Flora of Thailand. Vol. 9. Part 3, 2008. Pg. 403. Accessed 2021-07-31",wfo-0000293263,EN,C. Phengklai,,Forest Herbarium,2021-07-31,Rachun Pooma,ref-THA-0000293263,Forest Herbarium,All rights reserved,https://botany.dnp.go.th/eflora/floraspecies.html?tdcode=03975
9,3,ecology,"Tropical evergreen rain forest, open sandy soils, open gallery forest, sandstone or granite bedrock; altitude 500–1,750 m (most commonly 900–1,300 m). Flowering February–December (most commonly November–December); fruiting February–August (most commonly June–August).","Quercus vestita. Flora of Thailand. Vol. 9. Part 3, 2008. Pg. 407. Accessed 2021-07-31",wfo-0000293856,EN,C. Phengklai,,Forest Herbarium,2021-07-31,Rachun Pooma,ref-THA-0000293856,Forest Herbarium,All rights reserved,https://botany.dnp.go.th/eflora/floraspecies.html?tdcode=03976
9,3,ecology,"Uncommon, on hill ridges in lower montane rain forest; altitude 900–1,600 m. Flowering and fruiting; December–February.","Trigonobalanus doichangensis. Flora of Thailand. Vol. 9. Part 3, 2008. Pg. 409. Accessed 2021-07-31",wfo-0000328176,EN,C. Phengklai,,Forest Herbarium,2021-07-31,Rachun Pooma,ref-THA-0000328176,Forest Herbarium,All rights reserved,https://botany.dnp.go.th/eflora/floraspecies.html?tdcode=03978
